Minimal
ROBSIZE                     IPC
1024                        1.390743
512                         1.390743
256                         1.390743
128                         1.390743
64                          1.390743
32                          1.391384
16                          1.229334
8                           0.785566
4                           0.427468
2                           0.224478


NanhuG
ROBSIZE                     IPC
1024                        1.823996
512                         1.823996
256                         1.823996
128                         1.823996
64                          1.829128
32                          1.676457
16                          1.221408
8                           0.699886
4                           0.016988
2                           xxxxx


Default
ROBSIZE                     IPC
1024                        2.560265
512                         2.560265
256                         2.564732
128                         2.559266
64                          2.299096
32                          1.801814
16                          1.144567
8                           0.553030
4                           xxxxx
2                           xxxxx